00			00			00			00			00			75			59			86			AB			CC			D7			FE			99			77			86			43			
0.682799	0.693464	0.683656	0.744612	0.658689	0.856447	0.636541	0.678716	0.672052	0.654906	0.841258	0.656780	0.688183	0.686020	0.655121	0.826345	

F5			0B			46			F3			F5			40			45			00			5D			8D			22			96			6C			95			3E			E4			
0.267492	0.245943	0.248527	0.257342	0.268861	0.259806	0.247549	0.244245	0.266767	0.254495	0.275982	0.256475	0.287569	0.245023	0.285007	0.286518	

0D			F4			30			29			B4			F5			36			B0			5E			8F			98			B4			0B			42			B2			0D			
0.262306	0.244661	0.247547	0.254800	0.257725	0.258890	0.245375	0.241570	0.253836	0.239698	0.241508	0.250641	0.263147	0.244444	0.257716	0.254516	

D0			F5			B8			0B			4D			5C			2D			52			F3			2F			0C			E5			92			48			92			A4			
0.257496	0.234080	0.243440	0.249437	0.249257	0.256934	0.244864	0.239010	0.243016	0.230339	0.234908	0.250387	0.253011	0.239674	0.253679	0.250800	

56			0A			14			3F			49			D2			16			1D			20			FD			90			6F			3E			C9			6D			DF			
0.240945	0.233603	0.238940	0.245845	0.248372	0.255087	0.243391	0.237494	0.235761	0.228467	0.234529	0.246186	0.252998	0.237827	0.250244	0.247122	

